1111111111111111111111111111
1111111111111111111111111111
1100000000000110000000000011
1101110111110110111110111011
1101110111110110111110111011
1100000000000000000000000011
1101110110111111110110111011
1101110110111111110110111011
1100000110000110000110000011
1111110111110110111110111111
1111110111110110111110111111
1111110110000000000110111111
1111110110111001110110111111
1111110110111001110110111111
2000000000110000110000000002
1111110110111111110110111111
1111110110111111110110111111
1111110110000000000110111111
1111110110111111110110111111
1111110110111111110110111111
1100000000000110000000000011
1101110111110110111110111011
1101110111110110111110111011
1100110000000000000000110011
1110110110111111110110110111
1110110110111111110110110111
1100000110000110000110000011
1101111111110110111111111011
1101111111110110111111111011
1100000000000000000000000011
1111111111111111111111111111
1111111111111111111111111111